0,7,0
0.149995,7.00276,0.1
0.299967,7.00855,0.3
0.44988,7.01762,0.6
0.599683,7.03023,1
0.749345,7.04628,1.35579
0.898796,7.06601,1.81158
1.04803,7.08917,2.16737
1.197,7.11576,2.52259
1.34573,7.1455,2.7778
1.49414,7.17866,3.13302
1.64226,7.21498,3.38824
1.78999,7.25466,3.72645
1.93738,7.29746,3.96466
2.08433,7.34361,4.30287
2.23072,7.39338,4.74108
2.37659,7.4465,5.07929
2.52192,7.50296,5.41109
2.66676,7.56249,5.6429
2.811,7.62535,5.9747
2.95472,7.69127,6.20651
3.09777,7.76051,6.53832
3.24024,7.83281,6.77012
3.38198,7.90841,7.10193
3.52309,7.98707,7.33373
3.66341,8.06902,7.66554
3.80276,8.1545,8.09734
3.94125,8.24326,8.42915
4.07875,8.33542,8.81553
4.21539,8.43074,9.10191
4.35106,8.52932,9.44099
4.48589,8.63094,9.68008
4.61968,8.73582,10.0192
4.75259,8.84371,10.2582
4.8844,8.95485,10.5973
5.01488,9.06945,11.0364
5.14418,9.18726,11.3755
5.27228,9.30828,11.7109
5.39937,9.43228,11.9462
5.5252,9.55945,12.2816
5.64996,9.68958,12.5169
5.77451,9.81801,12.8523
5.89866,9.94494,13.2877
6.02266,10.0702,13.623
6.14646,10.1938,13.986
6.27031,10.3155,14.2491
6.39404,10.4355,14.6003
6.51788,10.5537,14.8516
6.64168,10.6702,15.1884
6.76526,10.7853,15.6252
6.88885,10.8986,15.9619
7.01248,11.0103,16.2963
7.13637,11.1201,16.5306
7.26033,11.2282,16.865
7.38422,11.3349,17.2993
7.50824,11.4399,17.6337
7.63236,11.5433,17.997
7.75679,11.6449,18.2603
7.88139,11.7449,18.6112
8.00602,11.8435,19.062
8.13088,11.9405,19.4129
8.25603,12.0359,19.7354
8.38133,12.1298,20.1579
8.50698,12.2221,20.4803
8.63291,12.3129,20.8579
8.75929,12.402,21.1354
8.88607,12.4894,21.4761
9.01309,12.5756,21.9169
9.14055,12.6602,22.2576
9.26848,12.7432,22.595
9.39702,12.8244,22.8323
9.52607,12.9041,23.1697
9.65551,12.9825,23.607
9.7855,13.0594,23.9444
9.91603,13.1348,24.302
10.047,13.209,24.7595
10.1786,13.2817,25.1171
10.3108,13.3529,25.453
10.4438,13.4225,25.6888
10.5775,13.4905,26.0247
10.7118,13.5574,26.4605
10.8468,13.6228,26.7964
10.9825,13.6868,27.1621
11.1189,13.7497,27.6277
11.2561,13.8113,27.9934
11.394,13.8714,28.3201
11.533,13.9299,28.5467
11.6728,13.987,28.8734
11.8134,14.043,29.3001
11.9549,14.0976,29.6267
12.0973,14.151,30.0157
12.2405,14.2034,30.4978
12.3846,14.2547,30.8799
12.5298,14.3045,31.189
12.676,14.3528,31.398
12.8234,14.3997,31.7071
12.9717,14.4456,32.1161
13.1211,14.4902,32.4252
13.2715,14.5337,32.8342
13.4229,14.5764,33.3385
13.5754,14.6182,33.7428
13.7291,14.6587,34.0471
13.8812,14.7018,34.2514
14.0317,14.7477,34.5556
14.1804,14.7968,34.9599
14.3274,14.8487,35.2642
14.4726,14.9037,35.6685
14.6161,14.9614,35.9728
14.7576,15.0221,36.3418
14.8972,15.086,36.8108
15.0348,15.1527,37.1798
15.1706,15.2222,37.4941
15.3045,15.2942,37.7084
15.4366,15.3688,38.0226
15.5665,15.4464,38.4369
15.6944,15.5267,38.7512
15.8202,15.6098,39.1654
15.9439,15.6955,39.4797
16.0656,15.7838,39.8044
16.1849,15.875,40.2291
16.3021,15.9687,40.5538
16.4171,16.0651,40.9187
16.53,16.1638,41.1836
16.6406,16.2652,41.531
16.7488,16.3692,41.9784
16.8547,16.4758,42.3258
16.9582,16.5847,42.6525
17.0625,16.6929,42.8792
17.1668,16.8009,43.2058
17.2714,16.9085,43.6325
17.3763,17.0159,43.9592
17.4815,17.1229,44.343
17.5871,17.2294,44.6268
17.6927,17.3359,44.9657
17.7976,17.4432,45.4046
17.9024,17.5505,45.7434
18.0066,17.6584,46.0846
18.1103,17.7668,46.3257
18.2135,17.8756,46.6669
18.3156,17.9855,47.108
18.4174,18.0957,47.4491
18.5184,18.2066,47.7976
18.619,18.3179,48.046
18.7189,18.4298,48.3944
18.8176,18.5427,48.8428
18.9161,18.6558,49.1912
19.0138,18.7697,49.5237
19.111,18.8839,49.7561
19.2075,18.9987,50.0886
19.3029,19.1145,50.521
19.398,19.2305,50.8535
19.4922,19.3472,51.2244
19.5858,19.4644,51.4953
19.6788,19.5821,51.842
19.7706,19.7007,52.2887
19.8621,19.8196,52.6353
19.9528,19.9391,52.9645
20.043,20.0589,53.1936
20.1325,20.1793,53.5227
20.2208,20.3006,53.9518
20.3088,20.422,54.2809
20.3958,20.5443,54.6589
20.4822,20.6668,54.937
20.568,20.7899,55.2793
20.6525,20.9138,55.7217
20.7367,21.0379,56.064
20.8201,21.1626,56.3998
20.9029,21.2877,56.6356
20.985,21.4133,56.9714
21.0658,21.5396,57.4072
21.1463,21.6662,57.743
21.2259,21.7934,58.1045
21.3048,21.9209,58.3661
21.3831,22.0489,58.7182
21.46,22.1776,59.1703
21.5366,22.3066,59.5224
21.6124,22.4361,59.8431
21.6875,22.5659,60.0637
21.762,22.6961,60.3844
21.8352,22.827,60.805
21.9081,22.9581,61.1257
21.9797,23.0899,61.5245
22.0509,23.222,61.8234
22.1212,23.3544,62.1534
22.1904,23.4875,62.5834
22.2592,23.6208,62.9134
22.327,23.7547,63.2683
22.3942,23.8888,63.5232
22.4606,24.0233,63.8769
22.5256,24.1584,64.3306
22.5903,24.2938,64.6842
22.6541,24.4295,65.0013
22.7173,24.5655,65.2184
22.7799,24.7019,65.5355
22.8409,24.8389,65.9526
22.9018,24.976,66.2697
22.9613,25.1137,66.6771
23.0203,25.2516,66.9845
23.0784,25.3899,67.3094
23.1354,25.5286,67.7343
23.1919,25.6676,68.0592
23.2474,25.8069,68.422
23.3022,25.9466,68.6848
23.3563,26.0865,69.0333
23.4089,26.2269,69.4817
23.4612,26.3675,69.8302
23.5126,26.5085,70.1551
23.5633,26.6496,70.3801
23.6132,26.7911,70.705
23.6617,26.933,71.1299
23.71,27.075,71.4549
23.7569,27.2175,71.843
23.8033,27.3602,72.131
23.8488,27.5031,72.4674
23.893,27.6464,72.9037
23.9367,27.7899,73.2401
23.9795,27.9337,73.5851
24.0216,28.0777,73.8302
24.0629,28.2219,74.1752
24.1028,28.3665,74.6202
24.1422,28.5112,74.9653
24.1807,28.6562,75.3041
24.2185,28.8013,75.5429
24.2555,28.9467,75.8818
24.291,29.0924,76.3206
24.3261,29.2383,76.6595
24.3601,29.3844,77.0148
24.3935,29.5306,77.2702
24.4261,29.677,77.6256
24.4571,29.8238,78.081
24.4878,29.9706,78.4364
24.5175,30.1176,78.7523
24.5466,30.2648,78.9682
24.5749,30.4121,79.2841
24.6017,30.5597,79.7
24.6282,30.7073,80.0159
24.6532,30.8552,80.4265
24.6777,31.0032,80.7371
24.7014,31.1513,81.0602
24.7237,31.2997,81.4832
24.7456,31.4481,81.8062
24.7663,31.5966,82.1719
24.7864,31.7453,82.4377
24.8056,31.894,82.7842
24.8234,32.043,83.2308
24.8408,32.192,83.5773
24.8571,32.3411,83.9051
24.8728,32.4902,84.1329
24.8877,32.6395,84.4607
24.9011,32.7889,84.8885
24.9141,32.9383,85.2163
24.9259,33.0879,85.5973
24.937,33.2375,85.8783
24.9473,33.3871,86.2189
24.9561,33.5369,86.6594
24.9645,33.6866,87
24.9719,33.8364,87.3385
24.9786,33.9863,87.577
24.9845,34.1362,87.9156
24.9888,34.2861,88.3541
24.9928,34.4361,88.6926
24.9956,34.586,89.0475
24.9978,34.736,89.3023
24.9991,34.886,89.6571
24.9989,35.036,90.112
24.9982,35.186,90.4668
24.9967,35.336,90.7839
24.9944,35.486,91.001
24.9914,35.636,91.3181
24.9868,35.7859,91.7352
24.9819,35.9358,92.0522
24.9756,36.0857,92.46
24.9687,36.2355,92.7677
24.961,36.3853,93.0925
24.9519,36.535,93.5172
24.9423,36.6847,93.8419
24.9317,36.8344,94.205
24.9203,36.9839,94.4681
24.9081,37.1334,94.8164
24.8945,37.2828,95.2647
24.8804,37.4322,95.613
24.8653,37.5814,95.9382
24.8496,37.7306,96.1633
24.833,37.8797,96.4885
24.815,38.0286,96.9137
24.7966,38.1774,97.2389
24.7769,38.3261,97.6263
24.7566,38.4748,97.9138
24.7354,38.6233,98.2505
24.7128,38.7715,98.6872
24.6899,38.9198,99.0239
24.6658,39.0678,99.3684
24.6411,39.2158,99.6129
24.6156,39.3636,99.9574
24.5886,39.5112,100.402
24.5612,39.6586,100.746
24.5327,39.8059,101.087
24.5036,39.953,101.327
24.4736,40.1,101.667
24.4422,40.2467,102.107
24.4104,40.3933,102.447
24.3775,40.5396,102.799
24.344,40.6858,103.052
24.3096,40.8319,103.404
24.2738,40.9775,103.856
24.2375,41.1231,104.208
24.2003,41.2684,104.532
24.1625,41.4135,104.755
24.1238,41.5585,105.079
24.0837,41.703,105.503
24.0433,41.8475,105.826
24.0016,41.9915,106.218
23.9593,42.1355,106.51
23.9162,42.2791,106.845
23.8717,42.4224,107.279
23.8268,42.5655,107.613
23.7809,42.7083,107.961
23.7344,42.8509,108.21
23.687,42.9932,108.559
23.6383,43.1351,109.007
23.5891,43.2768,109.356
23.539,43.4182,109.686
23.4882,43.5593,109.916
23.4367,43.7002,110.245
23.3837,43.8405,110.675
23.3305,43.9808,111.005
23.276,44.1205,111.382
23.2209,44.2601,111.659
23.1651,44.3993,112.002
23.1079,44.538,112.445
23.0503,44.6765,112.788
22.9918,44.8146,113.123
22.9327,44.9524,113.358
22.8728,45.0899,113.692
22.8115,45.2269,114.127
22.7499,45.3636,114.462
22.6871,45.4999,114.826
22.6238,45.6359,115.09
22.5598,45.7715,115.441
22.4943,45.9065,115.891
22.4285,46.0413,116.242
22.3619,46.1756,116.565
22.2946,46.3097,116.788
22.2266,46.4434,117.111
22.1572,46.5764,117.534
22.0876,46.7093,117.857
22.0168,46.8415,118.25
21.9454,46.9734,118.543
21.8733,47.1049,118.877
21.7999,47.2358,119.31
21.7262,47.3664,119.643
21.6515,47.4965,119.993
21.5763,47.6263,120.243
21.5003,47.7556,120.592
21.423,47.8842,121.042
21.3454,48.0125,121.391
21.2669,48.1403,121.719
21.1878,48.2678,121.947
21.1081,48.3949,122.274
21.027,48.5211,122.702
20.9457,48.6471,123.03
20.8633,48.7724,123.412
20.7804,48.8974,123.694
20.6967,49.022,124.034
20.6119,49.1457,124.474
20.5267,49.2691,124.814
20.4406,49.392,125.153
20.3541,49.5145,125.393
20.2668,49.6365,125.732
20.1783,49.7576,126.172
20.0895,49.8785,126.511
19.9998,49.9987,126.864
19.9095,50.1185,127.116
19.8186,50.2378,127.469
19.7265,50.3562,127.922
19.634,50.4743,128.274
19.5408,50.5918,128.597
19.447,50.7089,128.819
19.3527,50.8255,129.141
19.2571,50.9411,129.564
19.1613,51.0566,129.886
19.0645,51.1711,130.281
18.9672,51.2853,130.576
18.8692,51.3989,130.909
18.7702,51.5115,131.341
18.6708,51.6239,131.673
18.5707,51.7356,132.025
18.4701,51.8468,132.276
18.3688,51.9575,132.627
18.2664,52.0671,133.078
18.1637,52.1764,133.429
18.0603,52.2851,133.753
17.9564,52.3933,133.977
17.8519,52.5009,134.3
17.7463,52.6075,134.724
17.6406,52.7138,135.048
17.5338,52.8192,135.439
17.4266,52.9241,135.731
17.3189,53.0285,136.065
17.2101,53.1318,136.5
17.1011,53.2348,136.834
16.9913,53.337,137.182
16.8811,53.4388,137.431
16.7703,53.5399,137.779
16.6584,53.6398,138.227
16.5463,53.7395,138.575
16.4336,53.8384,138.906
16.3204,53.9368,139.137
16.2066,54.0346,139.468
16.0919,54.1312,139.899
15.9769,54.2276,140.229
15.8612,54.323,140.604
15.745,54.4179,140.879
15.6283,54.5121,141.223
15.5107,54.6053,141.668
15.3928,54.698,142.012
15.2743,54.79,142.345
15.1554,54.8814,142.577
15.036,54.9722,142.91
14.9157,55.0618,143.342
14.7952,55.1511,143.675
14.6739,55.2393,144.044
14.5523,55.3271,144.314
14.4301,55.4142,144.661
14.3071,55.5001,145.109
14.1839,55.5856,145.456
14.0601,55.6703,145.784
13.9359,55.7544,146.012
13.8113,55.8379,146.34
13.6858,55.9201,146.768
13.5602,56.0021,147.095
13.4338,56.0829,147.477
13.3072,56.1632,147.758
13.18,56.2428,148.098
13.0521,56.3212,148.539
12.924,56.3991,148.879
12.7953,56.4763,149.218
12.6663,56.5528,149.457
12.5369,56.6286,149.795
12.4067,56.7031,150.234
12.2763,56.7773,150.572
12.1454,56.8505,150.927
12.0141,56.9231,151.182
11.8824,56.9949,151.536
11.75,57.0654,151.991
11.6174,57.1355,152.345
11.4844,57.2049,152.663
11.3511,57.2735,152.881
11.2174,57.3416,153.198
11.083,57.4082,153.616
10.9484,57.4745,153.934
10.8133,57.5396,154.34
10.6779,57.6041,154.646
10.5421,57.6679,154.972
10.4058,57.7304,155.398
10.2692,57.7926,155.723
10.1322,57.8537,156.085
9.99498,57.9142,156.347
9.85738,57.9739,156.696
9.7192,58.0322,157.145
9.58084,58.0902,157.494
9.44211,58.1472,157.818
9.30312,58.2036,158.042
9.16385,58.2593,158.366
9.024,58.3136,158.79
8.88404,58.3676,159.113
8.7436,58.4202,159.504
8.60295,58.4724,159.795
8.462,58.5237,160.13
8.32058,58.5737,160.564
8.17901,58.6233,160.899
8.03709,58.6718,161.247
7.89496,58.7198,161.494
7.75256,58.7669,161.842
7.60969,58.8126,162.289
7.46669,58.8579,162.637
7.32339,58.9022,162.97
7.17989,58.9459,163.202
7.03616,58.9888,163.535
6.89199,59.0303,163.968
6.74773,59.0714,164.3
6.60314,59.1113,164.67
6.45838,59.1506,164.941
6.31339,59.189,165.288
6.16804,59.2261,165.735
6.02258,59.2627,166.082
5.87688,59.2984,166.41
5.73102,59.3334,166.639
5.58498,59.3676,166.967
5.43859,59.4003,167.395
5.29213,59.4327,167.724
5.1454,59.4639,168.104
4.99854,59.4944,168.384
4.85151,59.5241,168.725
4.7042,59.5524,169.166
4.5568,59.5802,169.507
4.40923,59.6071,169.845
4.26153,59.6333,170.082
4.11369,59.6586,170.42
3.9656,59.6825,170.857
3.81745,59.706,171.195
3.66912,59.7283,171.552
3.5207,59.7501,171.81
3.37216,59.7709,172.164
3.22341,59.7902,172.619
3.0746,59.8092,172.973
2.92569,59.8271,173.29
2.77669,59.8445,173.507
2.62761,59.861,173.824
2.47836,59.876,174.24
2.32908,59.8908,174.557
2.17967,59.904,174.966
2.03021,59.9167,175.274
1.88068,59.9286,175.598
1.73104,59.939,176.023
1.58138,59.9491,176.347
1.43165,59.958,176.711
1.28187,59.9663,176.974
1.13206,59.9737,177.322
0.982173,59.9796,177.77
0.832272,59.9851,178.118
0.68234,59.9896,178.444
0.532388,59.9935,178.67
0.382419,59.9965,178.996
0.232426,59.998,179.422
0.0824299,59.9992,179.747
-0.0675701,59.9991,180.133
-0.217569,59.9983,180.419
-0.36756,59.9967,180.757
-0.517529,59.9936,181.194
-0.66749,59.9902,181.532
-0.817422,59.9856,181.875
-0.967333,59.9804,182.118
-1.11721,59.9744,182.461
-1.26702,59.9669,182.903
-1.41681,59.9589,183.246
-1.56654,59.9499,183.591
-1.71623,59.9402,183.835
-1.86586,59.9297,184.179
-2.01537,59.9176,184.623
-2.16486,59.9052,184.968
-2.31425,59.8917,185.31
-2.46358,59.8775,185.552
-2.61283,59.8625,185.895
-2.76191,59.846,186.337
-2.91096,59.8291,186.679
-3.05988,59.8111,187.027
-3.20871,59.7924,187.274
-3.35744,59.7729,187.621
-3.50596,59.7519,188.068
-3.65443,59.7305,188.415
-3.80274,59.7081,188.751
-3.95096,59.685,188.986
-4.09904,59.6611,189.322
-4.24687,59.6357,189.758
-4.39464,59.6099,190.093
-4.5422,59.583,190.457
-4.68965,59.5554,190.72
-4.83693,59.527,191.071
-4.98393,59.4971,191.522
-5.13083,59.4668,191.873
-5.27754,59.4355,192.196
-5.42411,59.4036,192.418
-5.57051,59.371,192.74
-5.71656,59.3368,193.162
-5.86254,59.3023,193.485
-6.0082,59.2665,193.88
-6.15372,59.2301,194.175
-6.29902,59.1928,194.507
-6.44397,59.1542,194.939
-6.58881,59.1152,195.272
-6.73337,59.0752,195.623
-6.87774,59.0345,195.874
-7.02188,58.9929,196.225
-7.16559,58.95,196.677
-7.30918,58.9066,197.028
-7.45249,58.8623,197.351
-7.59559,58.8173,197.575
-7.73846,58.7716,197.898
-7.88085,58.7244,198.322
-8.02314,58.677,198.645
-8.16499,58.6282,199.037
-8.30665,58.5789,199.33
-8.44802,58.5287,199.664
-8.58891,58.4773,200.097
-8.72966,58.4254,200.431
-8.87003,58.3725,200.78
-9.01016,58.319,201.029
-9.14999,58.2647,201.378
-9.28926,58.209,201.827
-9.42838,58.1529,202.176
-9.56712,58.0959,202.505
-9.7056,58.0382,202.734
-9.84377,57.9798,203.063
-9.98133,57.92,203.493
-10.1188,57.8599,203.822
-10.2557,57.7986,204.2
-10.3923,57.7368,204.479
-10.5286,57.6742,204.821
-10.6643,57.6102,205.263
-10.7998,57.5459,205.605
-10.9349,57.4806,205.942
-11.0696,57.4148,206.178
-11.2041,57.3482,206.514
-11.3378,57.2802,206.951
-11.4713,57.2119,207.287
-11.6043,57.1426,207.647
-11.7371,57.0727,207.907
-11.8694,57.002,208.26
-12.001,56.93,208.713
-12.1323,56.8576,209.066
-12.2633,56.7844,209.386
-12.3938,56.7106,209.605
-12.5241,56.6361,209.924
-12.6535,56.5603,210.343
-12.7828,56.4843,210.662
-12.9113,56.407,211.065
-13.0396,56.3292,211.367
-13.1674,56.2507,211.695
-13.2945,56.171,212.123
-13.4213,56.0909,212.451
-13.5476,56.0099,212.809
-13.6735,55.9283,213.067
-13.7989,55.8461,213.419
-13.9235,55.7626,213.87
-14.0478,55.6787,214.222
-14.1716,55.594,214.542
-14.2951,55.5087,214.763
-14.4181,55.4229,215.083
-14.5401,55.3357,215.504
-14.6621,55.2484,215.824
-14.7832,55.1598,216.223
-14.9039,55.0708,216.522
-15.0241,54.9811,216.852
-15.1435,54.8903,217.282
-15.2627,54.7992,217.612
-15.3811,54.7072,217.967
-15.4992,54.6146,218.222
-15.6167,54.5214,218.575
-15.7333,54.427,219.029
-15.8496,54.3323,219.383
-15.9653,54.2368,219.7
-16.0806,54.1409,219.917
-16.1954,54.0443,220.234
-16.3091,53.9465,220.652
-16.4227,53.8486,220.969
-16.5353,53.7495,221.376
-16.6476,53.65,221.683
-16.7593,53.5499,222.008
-16.87,53.4487,222.433
-16.9805,53.3472,222.758
-17.0902,53.2449,223.121
-17.1995,53.1422,223.383
-17.3081,53.0388,223.732
-17.4158,52.9343,224.181
-17.5231,52.8295,224.529
-17.6297,52.724,224.854
-17.7359,52.618,225.078
-17.8415,52.5115,225.403
-17.946,52.4039,225.827
-18.0503,52.2961,226.152
-18.1536,52.1874,226.541
-18.2565,52.0782,226.83
-18.3587,51.9684,227.166
-18.4599,51.8577,227.602
-18.5608,51.7467,227.937
-18.6609,51.635,228.283
-18.7605,51.5228,228.529
-18.8594,51.4101,228.875
-18.9573,51.2964,229.321
-19.0548,51.1824,229.667
-19.1515,51.0677,230.004
-19.2477,50.9526,230.24
-19.3432,50.837,230.577
-19.4376,50.7204,231.013
-19.5317,50.6036,231.35
-19.6249,50.4861,231.711
-19.7176,50.3681,231.972
-19.8095,50.2496,232.324
-19.9004,50.1302,232.777
-19.9908,50.0106,233.13
-20.0805,49.8903,233.45
-20.1696,49.7697,233.669
-20.2582,49.6486,233.989
-20.3454,49.5266,234.409
-20.4325,49.4044,234.729
-20.5183,49.2814,235.13
-20.6037,49.1581,235.431
-20.6884,49.0343,235.759
-20.7719,48.9097,236.188
-20.8551,48.7849,236.517
-20.9374,48.6594,236.874
-21.019,48.5336,237.13
-21.1,48.4074,237.483
-21.1797,48.2803,237.936
-21.259,48.153,238.288
-21.3376,48.0252,238.607
-21.4155,47.897,238.826
-21.4928,47.7685,239.144
-21.5688,47.6391,239.563
-21.6445,47.5096,239.882
-21.7189,47.3794,240.285
-21.7929,47.2489,240.589
-21.8661,47.118,240.916
-21.9381,46.9864,241.343
-22.0097,46.8546,241.671
-22.0803,46.7223,242.03
-22.1504,46.5896,242.289
-22.2197,46.4566,242.64
-22.2877,46.3229,243.091
-22.3552,46.1889,243.441
-22.4219,46.0546,243.763
-22.4881,45.92,243.984
-22.5535,45.785,244.305
-22.6175,45.6493,244.726
-22.6812,45.5135,245.047
-22.7437,45.3772,245.445
-22.8056,45.2405,245.742
-22.8668,45.1036,246.073
-22.9266,44.966,246.504
-22.9861,44.8283,246.835
-23.0446,44.6902,247.188
-23.1024,44.5518,247.442
-23.1595,44.4131,247.795
-23.2152,44.2738,248.249
-23.2704,44.1343,248.602
-23.3248,43.9945,248.92
-23.3785,43.8545,249.138
-23.4316,43.7142,249.456
-23.4831,43.5733,249.874
-23.5344,43.4324,250.192
-23.5844,43.2909,250.598
-23.6338,43.1493,250.903
-23.6823,43.0074,251.229
-23.7296,42.865,251.655
-23.7765,42.7225,251.981
-23.8223,42.5797,252.342
-23.8675,42.4367,252.603
-23.9118,42.2934,252.953
-23.9548,42.1496,253.403
-23.9973,42.0058,253.752
-24.0388,41.8617,254.075
-24.0798,41.7174,254.298
-24.1199,41.5728,254.621
-24.1586,41.4279,255.044
-24.197,41.2829,255.367
-24.2341,41.1375,255.76
-24.2705,40.9921,256.053
-24.3062,40.8463,256.387
-24.3405,40.7003,256.82
-24.3743,40.5542,257.154
-24.4071,40.4078,257.503
-24.4393,40.2613,257.752
-24.4706,40.1146,258.102
-24.5004,39.9676,258.551
-24.5299,39.8205,258.9
-24.5583,39.6732,259.229
-24.5861,39.5258,259.457
-24.6131,39.3783,259.785
-24.6386,39.2305,260.213
-24.6637,39.0826,260.541
-24.6876,38.9345,260.922
-24.7109,38.7863,261.203
-24.7333,38.638,261.544
-24.7543,38.4895,261.985
-24.7748,38.3409,262.325
-24.7944,38.1922,262.664
-24.8132,38.0434,262.902
-24.8313,37.8944,263.24
-24.8478,37.7454,263.679
-24.864,37.5962,264.017
-24.879,37.447,264.372
-24.8934,37.2977,264.628
-24.9069,37.1483,264.983
-24.9189,36.9988,265.438
-24.9305,36.8492,265.793
-24.9411,36.6996,266.109
-24.9511,36.5499,266.326
-24.9603,36.4002,266.642
-24.9679,36.2504,267.058
-24.9753,36.1006,267.374
-24.9812,35.9507,267.784
-24.9865,35.8008,268.094
-24.991,35.6509,268.417
-24.9941,35.5009,268.841
-24.9967,35.3509,269.164
-24.9983,35.2009,269.529
-24.9992,35.0509,269.795
-24.9992,34.9009,270.141
-24.9977,34.7509,270.588
-24.9958,34.6009,270.935
-24.9929,34.451,271.262
-24.9894,34.301,271.49
-24.9851,34.1511,271.817
-24.9792,34.0012,272.244
-24.9729,33.8513,272.572
-24.9654,33.7015,272.954
-24.9573,33.5517,273.236
-24.9483,33.402,273.576
-24.9378,33.2524,274.016
-24.927,33.1027,274.355
-24.9151,32.9532,274.695
-24.9025,32.8037,274.935
-24.8891,32.6543,275.275
-24.8742,32.5051,275.715
-24.8589,32.3559,276.054
-24.8425,32.2068,276.406
-24.8255,32.0577,276.658
-24.8075,31.9088,277.01
-24.7881,31.7601,277.462
-24.7683,31.6114,277.813
-24.7475,31.4628,278.138
-24.726,31.3144,278.362
-24.7038,31.166,278.686
-24.68,31.0179,279.111
-24.6559,30.8699,279.435
-24.6304,30.7221,279.825
-24.6044,30.5743,280.116
-24.5776,30.4268,280.451
-24.5493,30.2794,280.886
-24.5206,30.1322,281.221
-24.4909,29.9852,281.568
-24.4605,29.8383,281.815
-24.4293,29.6916,282.162
-24.3966,29.5452,282.609
-24.3635,29.3989,282.956
-24.3294,29.2528,283.29
-24.2947,29.1069,283.524
-24.2591,28.9612,283.858
-24.2221,28.8158,284.292
-24.1847,28.6705,284.625
-24.1462,28.5256,284.993
-24.107,28.3808,285.26
